0.0836266666667 1457
0.07136 3864
0.0432 7254
0.0411733333333 6140
0.0349866666667 0936 7227
0.0311466666667 8942
0.0276266666667 5326
0.0235733333333 9365
0.0225066666667 0936 10105
0.02208 0928
0.02144 0239 0753
0.0199466666667 5166
0.0194133333333 1932
0.0194133333333 11285
0.0190933333333 4221 7227
0.0189866666667 0753 4431
0.01888 0330 8307
0.0178133333333 9341
0.0170666666667 7762
0.01696 11072
0.0162133333333 11392
0.0155733333333 5341
0.0152533333333 2354
0.01472 3913
0.01472 2552
0.0144 9337
0.0142933333333 2000
0.01408 4441
0.0138666666667 9984
0.01376 3124
0.0136533333333 9622
0.0135466666667 8061
0.01344 2199
0.0133333333333 7215 7227
0.01312 4266
0.0123733333333 10290
0.01216 5661
0.01216 4205
0.0120533333333 7062
0.01088 7447
0.01056 9269
0.01024 4925
0.01024 10081
0.0100266666667 12083
