0.0537897310513 0485
0.0500690974806 10544
0.0492186669501 1457
0.0453917295631 4319
0.0450728181142 8334
0.0444349952163 1521
0.0439034761348 5166
0.0318911448921 8442
0.0304028914638 9323
0.0302965876475 1041
0.0284894227703 2990
0.0281705113214 10746
0.0278515998724 5751
0.0249813968321 10226
0.0216859785266 3916
0.0193472945679 2596
0.0192409907516 4795
0.0188157754863 6175
0.0184968640374 11857
0.0182842564048 1932
0.0174338258743 2040
0.0170086106091 3124
0.0169023067928 11093
0.0165833953439 9374
0.0165833953439 12128
0.0163707877113 1581
0.0161581800787 9638
0.0156266609971 1763
0.0153077495482 2445
0.0152014457319 8049
0.0149888380993 6389
0.014882534283 9358
0.0147762304667 3764
0.0145636228341 3945
0.0143510152014 4095
0.0138194961199 11841
0.0138194961199 10561
0.013500584671 3902
0.0132879770384 1603
0.0129690655895 8061
0.0128627617731 3066
0.0126501541405 4441
0.0126501541405 5928
0.0126501541405 11089
0.0125438503242 7475
0.0125438503242 3797
0.012118635059 10081
0.0119060274264 3829
0.0117997236101 9365
0.0116934197938 11736
0.0116934197938 0156 0684 6172
0.0113745083448 7199
0.0113745083448 0193 5501
0.0112682045285 5561
0.0108429892633 7205
0.0106303816307 7265
0.0104177739981 9105
0.0104177739981 5171
0.0103114701818 3809
0.0102051663655 10454
0.0102051663655 4109
0.0102051663655 8307
