0.0436573311367 11285
0.0374794069193 10544
0.0289332784185 1581
0.0281095551895 4378
0.0265650741351 2199
0.0246087314662 9622
0.0245057660626 2596
0.0231672158155 3317
0.021931630972 9638
0.0214168039539 8827
0.0205930807249 7265
0.0203871499176 3158
0.020284184514 10443
0.0195634266886 7327
0.0192545304778 1457
0.0189456342669 7947
0.0185337726524 5341
0.0185337726524 0513
0.0181219110379 9613
0.0177100494234 0935
0.0177100494234 1666
0.0176070840198 3010 4319
0.0170922570016 8442
0.016989291598 11848
0.0160626029654 2552
0.0158566721582 1608
0.0157537067545 10336
0.0156507413509 4205
0.01534184514 0156
0.0151359143328 7062
0.0151359143328 10704
0.0150329489292 0189
0.0147240527183 4319 4441
0.0137973640857 0447
0.0137973640857 7647
0.013694398682 9435
0.0135914332784 7254
0.0132825370675 3847
0.0132825370675 1602
0.0130766062603 3331 8997
0.0126647446458 0153 8809
0.0123558484349 4319 5751
0.0122528830313 10190
0.0121499176277 4488
0.0121499176277 6409
0.0120469522241 10322
0.0119439868204 5712
0.0114291598023 3331 7420
0.0114291598023 0936
0.0114291598023 6140
0.0112232289951 4593
0.0111202635914 3998
0.0111202635914 3747
0.0111202635914 0817
0.0111202635914 2877 7762
0.0110172981878 9454
0.0109143327842 2223
0.0109143327842 8967
0.0109143327842 11199
0.0106054365733 0097 8813
0.0105024711697 6211
0.0103995057661 11873
0.0101935749588 8228
0.0101935749588 3331 4319
0.0101935749588 11217
0.0100906095552 1848
