3	3
4	3
5	4
13	3
14	2
15	3
20	3
26	3
27	3
34	2
42	3
43	3
44	4
45	2
52	3
55	1
60	3
61	1
63	3
68	3
71	4
72	4
76	3
77	2
80	2
82	2
90	3
97	2
98	2
101	3
103	1
105	3
106	2
121	1
123	1
125	4
127	2
128	2
134	1
140	3
143	1
144	1
147	2
149	3
158	2
167	4
169	4
173	3
175	1
179	1
181	4
183	4
184	3
186	1
187	4
188	1
189	3
190	4
191	3
197	1
199	4
200	4
203	4
207	2
209	4
210	1
213	4
217	3
221	3
222	3
225	1
232	3
233	3
234	3
238	3
240	3
243	3
248	3
252	1
254	3
259	3
263	2
264	3
269	3
271	1
275	3
278	4
280	3
284	1
287	3
293	3
294	3
297	1
304	3
305	3
312	4
314	4
317	2
320	2
323	1
324	4
326	1
330	3
331	3
338	3
339	1
342	3
352	4
353	4
354	2
355	1
359	2
361	4
365	1
369	2
371	4
372	3
373	2
375	1
378	1
384	1
386	3
390	4
392	2
393	1
394	1
399	2
400	4
406	3
408	3
410	1
416	4
417	3
420	1
424	1
428	2
429	2
435	4
436	4
438	2
442	1
446	2
448	4
455	1
456	2
457	1
463	1
469	4
471	2
478	4
479	2
486	1
491	4
495	2
503	2
508	1
516	2
519	1
522	4
523	3
537	1
538	4
540	2
541	2
545	4
549	3
554	2
558	3
561	2
563	2
564	2
566	3
568	2
570	1
583	2
584	2
593	2
607	4
611	1
612	4
619	2
622	2
634	1
637	3
645	1
646	4
649	3
655	1
657	1
659	4
662	3
667	1
673	1
675	1
677	2
680	2
683	4
684	4
687	1
688	4
692	3
696	1
702	3
707	1
712	4
714	1
719	4
722	1
723	1
731	3
737	3
741	4
747	1
748	1
752	1
757	1
762	1
765	1
770	4
774	1
776	1
778	1
779	3
781	1
783	1
788	1
790	2
794	2
795	1
798	1
808	3
812	3
813	2
821	1
823	1
825	2
826	2
828	1
830	1
832	1
836	2
839	4
842	1
856	1
859	1
862	3
863	3
866	3
875	3
876	2
878	1
880	1
885	1
893	2
895	1
897	4
901	2
903	3
907	2
908	3
913	2
914	4
915	3
916	3
920	3
924	2
926	3
927	3
928	3
930	3
931	3
937	3
938	3
941	3
942	3
943	3
945	1
947	1
951	3
959	3
962	3
968	3
976	3
977	3
980	3
985	2
986	3
987	3
991	3
993	3
996	3
999	3
1000	3
1001	3
1003	1
1004	3
1008	3
1011	3
1015	3
1024	3
1030	3
1033	3
1037	4
1038	3
1044	3
1048	3
1051	3
1062	3
1065	3
1069	2
1071	3
1074	3
1075	3
1088	3
1090	3
1091	3
1103	4
1106	2
1111	3
1112	3
1113	4
1117	3
1118	3
1121	3
1123	3
1125	3
1130	3
1131	3
1135	3
1142	2
1144	3
1147	3
1148	3
1152	3
1155	3
1157	2
1158	3
1162	3
1168	3
1169	3
1170	3
1173	1
1174	3
1176	3
1179	3
1183	3
1184	3
1186	3
1190	3
1193	3
1194	3
1196	3
1197	3
1198	3
1204	3
1205	3
1206	3
1212	3
1215	3
1218	3
1222	1
1228	3
1235	1
1237	3
1238	3
1241	3
1243	3
1247	3
1248	3
1252	3
1256	3
1257	3
1258	3
1261	3
1265	3
1276	3
1277	3
1282	3
1286	3
1288	3
1290	3
1291	3
1294	3
1295	3
1297	3
1300	3
1301	3
1302	3
1304	3
1308	3
1309	3
1310	3
1313	3
1314	2
1317	3
1318	3
1319	3
1321	3
1323	3
1324	3
1329	3
1340	3
1342	3
1343	3
1344	3
1346	3
1351	3
1352	3
1353	3
1356	3
1357	3
1362	1
1366	3
1370	3
1372	4
1374	3
1379	3
1384	3
1391	3
1392	3
1397	3
1398	3
1400	3
1403	3
1409	3
1413	3
1414	3
1417	2
1418	4
1422	3
1424	3
1426	3
1427	4
1432	3
1433	3
1438	3
1442	3
1443	3
1445	3
1446	3
1453	3
1454	3
1460	3
1464	3
1465	3
1466	3
1472	3
1475	3
1476	3
1477	3
1478	3
1481	4
1482	3
1487	3
1488	3
1490	3
1491	4
1493	3
1494	4
1497	3
1498	3
1500	3
1501	3
1502	1
1505	4
1510	3
1515	2
1516	3
1519	3
1520	2
1522	3
1526	4
1528	3
1529	3
1533	3
1540	3
1541	3
1547	3
1549	4
1551	3
1553	1
1554	3
1558	2
1560	3
1561	3
1565	3
1570	3
1574	4
1578	3
1579	3
1586	3
1587	3
1589	3
1594	3
1595	3
1596	4
1597	3
1598	3
1601	3
1602	3
1610	4
1611	2
1612	2
1614	3
1616	3
1620	3
1631	3
1634	3
1636	3
1637	3
1638	3
1644	3
1651	3
1652	3
1655	3
1657	2
1660	3
1666	3
1671	3
1673	3
1677	3
1679	3
1681	3
1683	3
1686	3
1690	2
1691	3
1693	4
1694	2
1698	3
1700	3
1702	3
1705	3
1706	3
1712	4
1714	3
1718	3
1720	3
1722	3
1723	3
1725	3
1729	3
1730	3
1743	4
1748	3
1749	3
1750	3
1751	1
1756	3
1757	3
1759	2
1761	3
1764	3
1769	3
1770	3
1774	2
1776	3
1777	3
1779	3
1783	3
1786	3
1792	3
1794	3
1796	3
1798	3
1800	3
1804	3
1807	3
1808	3
1810	3
1811	3
1819	3
1821	3
1824	3
1826	3
1829	3
1831	3
1834	3
1837	1
1841	1
1842	4
1843	3
1847	3
1852	4
1858	3
1860	3
1861	3
1862	3
1863	3
1864	3
1868	4
1869	3
1873	3
1877	3
1878	3
1879	3
1880	3
1881	3
1890	3
1900	3
1902	3
1903	3
1905	2
1911	3
1918	3
1921	3
1926	3
1927	3
1931	3
1935	3
1938	3
1940	3
1946	4
1949	4
1951	3
1954	3
1958	3
1963	2
1965	3
1968	3
1969	3
1972	4
1981	3
1983	2
1988	3
1991	3
1993	3
1995	3
1999	4
2000	2
2007	3
2010	3
2011	2
2015	3
2016	3
2018	3
2020	3
2021	3
2025	3
2027	4
2029	4
2031	3
2035	2
2040	3
2041	3
2055	3
2056	3
2061	2
2064	3
2065	3
2066	3
2067	3
2068	3
2070	3
2090	3
2091	3
2092	3
2095	3
2096	3
2098	3
2100	3
2103	3
2105	3
2109	3
2112	4
2113	4
2115	3
2119	3
2120	4
2121	3
2127	3
2129	3
2131	3
2132	3
2135	3
2137	3
2139	3
2144	3
2149	3
2151	3
2152	3
2155	4
2156	4
2158	3
2160	4
2164	3
2169	2
2171	2
2174	3
2175	3
2176	3
2177	3
2185	1
2187	3
2193	4
2196	3
2199	3
2200	3
2201	3
2203	3
2207	3
2216	3
2221	3
2225	2
2226	2
2231	1
2232	3
2235	2
2241	1
2242	3
2244	3
2246	2
2251	3
2261	3
2263	3
2268	1
2271	2
2278	3
2285	3
2286	3
2287	3
2289	3
2293	3
2303	1
2304	3
2316	3
2317	3
2318	1
2321	3
2324	3
2327	3
2329	2
2330	3
2332	3
2334	3
2337	3
2338	3
2339	3
2342	2
2343	3
2348	3
2353	3
2358	3
2361	3
2369	3
2370	3
2372	3
2375	4
2378	3
2379	1
2380	1
2386	3
2387	3
2389	3
2392	3
2393	2
2394	1
2395	1
2397	3
2398	3
2399	3
2405	3
2406	3
2408	3
2409	3
2410	3
2412	3
2413	3
2414	2
2422	4
2427	3
2431	3
2436	3
2441	3
2446	2
2448	3
2456	4
2458	3
2461	3
2463	3
2466	3
2468	3
2473	3
2475	3
2477	3
2482	3
2484	4
2486	3
2492	3
2496	3
2502	3
2503	3
2512	1
2514	3
2519	4
2528	3
2534	3
2537	3
2542	3
2544	2
2547	3
2548	3
2550	3
2558	3
2562	4
2564	4
2566	3
2568	3
2570	4
2573	3
2576	3
2578	3
2579	3
2580	3
2584	3
2585	3
2589	3
2593	3
2595	3
2602	3
2603	3
2605	3
2610	3
2612	3
2615	3
2618	4
2621	3
2622	3
2625	3
2626	3
2628	2
2631	3
2639	3
2640	3
2642	3
2643	4
2644	3
2645	3
2648	3
2652	3
2655	3
2658	3
2659	3
2662	3
2665	3
2667	3
2670	3
2673	3
2674	3
2677	3
2680	3
2684	3
2687	4
2689	3
2700	3
2705	1
2709	3
2714	4
2719	4
2725	3
2732	3
2736	3
2737	3
2740	3
2741	3
2743	3
2746	3
2751	3
2752	3
2755	3
2769	4
2772	3
2773	3
2774	3
2776	3
2778	3
2781	2
2784	2
2785	3
2790	4
2795	2
2797	3
2798	4
2802	3
2806	4
2809	3
2811	3
2813	3
2819	3
2820	4
2822	3
2823	3
2830	3
2835	3
2842	3
2844	2
2846	3
2847	3
2849	3
2850	3
2851	3
2852	3
2853	3
2856	3
2860	3
2862	3
2865	3
2866	3
2870	1
2871	3
2877	3
2882	3
2884	3
2886	3
2887	3
2899	3
2905	4
2909	3
2911	3
2912	3
2928	3
2933	3
2939	3
2942	3
2945	3
2947	3
2948	3
2950	3
2951	3
2954	3
2961	3
2964	3
2967	3
2973	3
2981	2
2983	3
2986	2
2991	3
2993	3
2994	3
2995	3
2997	3
2998	3
3002	3
3004	3
3005	4
3009	3
3014	3
3015	3
3019	3
3020	4
3021	2
3022	3
3025	3
3026	2
3029	3
3032	3
3039	3
3040	1
3041	2
3051	3
3052	3
3055	3
3056	3
3063	3
3065	3
3066	4
3077	3
3081	3
3083	3
3084	1
3086	3
3090	3
3091	3
3093	2
3094	2
3096	3
3101	1
3105	3
3109	3
3112	3
3114	3
3116	3
3117	3
3119	2
3124	3
3126	3
3129	3
3133	3
3135	3
3138	2
3144	3
3149	1
3150	3
3152	3
3156	3
3158	3
3167	3
3170	3
3172	3
3174	1
3176	3
3181	3
3184	3
3186	3
3190	3
3194	2
3195	3
3198	3
3199	4
3200	4
3202	3
3218	3
3227	1
3229	4
3230	2
3235	3
3240	3
3244	3
3246	3
3248	3
3253	3
3261	3
3263	3
3268	3
3269	3
3273	3
3279	3
3285	3
3288	3
3297	3
3298	3
3300	3
3302	3
3305	3
3311	3
3322	3
3325	3
3327	3
3333	3
3336	3
3337	3
3342	2
3344	4
3345	4
3347	3
3351	4
3358	3
3372	3
3377	3
3378	3
3379	3
3383	4
3386	3
3389	1
3394	2
3396	3
3397	3
3399	3
3401	3
3404	3
3411	3
3413	3
3414	3
3416	3
3420	4
3421	3
3422	3
3432	4
3442	3
3447	4
3449	3
3456	3
3461	3
3463	3
3471	3
3474	2
3476	3
3481	3
3484	4
3488	3
3494	3
3500	3
3504	3
3507	4
3508	3
3510	3
3513	3
3516	3
3519	3
3523	4
3526	3
3527	3
3547	3
3549	3
3553	3
3557	3
3558	3
3559	3
3560	3
3561	3
3571	3
3577	3
3579	4
3590	3
3598	3
3600	3
3603	3
3605	3
3606	4
3611	3
3614	3
3618	3
3621	3
3623	3
3644	4
3651	3
3658	3
3666	2
3671	3
3683	4
3684	4
3685	4
3687	2
3694	4
3696	4
3699	3
3700	3
3716	4
3720	3
3727	3
3730	3
3737	3
3757	4
3758	3
3762	1
3764	3
3766	2
3778	3
3781	3
3788	3
3790	1
3791	1
3797	1
3799	1
3803	3
3805	1
3807	3
3809	1
3810	1
3811	1
3813	1
3814	3
3818	3
3819	3
3824	2
3825	2
3835	3
3836	2
3840	2
3842	3
3865	3
3871	3
3877	2
3882	4
3887	4
3889	3
3892	2
3895	4
3897	4
3909	1
3910	2
3919	3
3928	4
3931	3
3932	2
3933	4
3935	4
3937	3
3938	4
3942	2
3944	4
3946	4
3949	4
3951	4
3954	4
3955	4
3958	4
3961	4
3962	4
3964	3
3965	1
3969	1
3971	4
3977	4
3980	4
3981	4
3982	4
3983	4
3986	2
3987	4
3991	4
3992	4
3994	4
3997	3
3999	1
4002	4
4003	4
4006	4
4010	4
4013	4
4015	4
4017	4
4023	4
4026	4
4027	4
4028	4
4029	3
4030	4
4036	3
4044	3
4045	3
4047	3
4050	4
4051	4
4052	4
4054	4
4055	4
4058	3
4060	4
4062	4
4067	4
4068	4
4073	4
4074	4
4077	3
4079	2
4082	4
4083	4
4084	4
4086	4
4087	4
4091	3
4094	4
4101	4
4102	3
4109	3
4114	2
4116	4
4120	4
4121	4
4123	4
4125	4
4130	3
4133	2
4136	3
4139	4
4146	4
4148	4
4151	4
4153	4
4154	4
4164	1
4165	3
4172	4
4175	4
4186	4
4187	4
4189	4
4193	4
4194	4
4195	4
4196	4
4198	4
4200	4
4202	2
4204	1
4205	1
4207	4
4208	1
4209	1
4215	4
4216	4
4218	4
4220	2
4222	1
4223	1
4226	1
4227	1
4230	1
4232	4
4233	4
4234	1
4237	1
4238	4
4239	1
4240	1
4243	1
4246	1
4248	1
4249	3
4252	2
4254	1
4261	4
4262	1
4264	4
4265	1
4266	1
4267	1
4269	2
4270	1
4271	1
4272	1
4273	1
4279	1
4280	3
4283	1
4289	1
4291	4
4296	4
4297	1
4300	1
4301	1
4302	1
4308	3
4317	2
4319	2
4320	2
4321	1
4326	2
4331	1
4336	1
4339	1
4340	1
4341	3
4343	1
4344	1
4345	3
4348	3
4349	3
4351	2
4356	2
4361	1
4362	1
4364	2
4375	1
4378	1
4383	4
4388	2
4400	2
4403	3
4405	2
4406	2
4411	2
4415	1
4418	1
4420	1
4423	1
4425	1
4426	1
4429	1
4431	1
4433	1
4435	1
4445	1
4448	1
4450	1
4452	1
4455	2
4462	1
4464	1
4466	4
4470	1
4472	1
4475	2
4480	1
4484	1
4489	1
4492	4
4493	1
4495	2
4497	1
4499	3
4503	1
4505	4
4507	2
4513	1
4514	2
4516	1
4522	1
4525	1
4527	4
4536	1
4537	2
4539	1
4540	1
4542	1
4546	1
4547	1
4549	1
4550	1
4564	2
4565	1
4566	1
4567	1
4568	1
4570	1
4571	1
4576	2
4580	1
4583	1
4585	1
4593	1
4597	1
4598	1
4605	1
4607	2
4608	1
4610	2
4611	1
4616	1
4620	1
4621	1
4623	1
4630	1
4634	3
4638	1
4640	3
4641	1
4642	1
4644	1
4645	1
4651	2
4654	1
4655	4
4664	1
4670	4
4672	1
4675	1
4676	1
4679	2
4681	1
4682	1
4684	4
4689	2
4694	1
4699	4
4700	4
4702	1
4703	1
4704	1
4705	1
4707	1
4708	1
4710	2
4713	1
4715	1
4719	2
4722	1
4725	4
4726	1
4727	1
4730	4
4731	4
4747	2
4748	4
4749	4
4756	2
4761	4
4763	1
4765	2
4767	4
4771	4
4774	4
4776	1
4780	2
4781	2
4782	2
4787	1
4788	1
4789	1
4793	1
4794	1
4795	2
4797	2
4799	2
4804	1
4812	4
4813	1
4814	1
4815	2
4817	1
4821	4
4823	1
4827	2
4828	4
4830	1
4832	2
4834	1
4837	3
4841	2
4844	1
4845	2
4850	3
4852	3
4854	2
4862	4
4863	2
4865	4
4872	1
4876	1
4881	2
4885	4
4887	2
4890	3
4898	1
4906	1
4910	1
4911	1
4918	1
4919	1
4926	2
4927	3
4933	1
4935	1
4937	1
4942	2
4943	1
4944	4
4946	2
4952	3
4957	1
4964	3
4967	4
4971	1
4975	4
4980	2
4983	3
4985	3
4991	1
4995	1
4996	4
4997	2
5003	3
5004	3
5007	1
5008	1
5013	2
5015	1
5016	3
5018	3
5019	1
5021	1
5023	2
5024	1
5027	3
5032	2
5038	2
5044	4
5049	4
5065	4
5066	3
5068	4
5069	4
5071	4
5076	4
5077	4
5081	4
5082	3
5083	4
5089	4
5092	2
5096	3
5097	2
5098	4
5109	3
5115	2
5117	2
5124	4
5129	4
5132	4
5137	2
5141	1
5142	3
5155	2
5158	2
5160	4
5166	4
5171	4
5175	1
5177	2
5184	3
5186	4
5188	2
5189	3
5194	2
5195	2
5197	3
5198	3
5201	2
5207	3
5209	3
5210	3
5211	3
5215	3
5220	4
5221	3
5223	3
5224	2
5229	2
5236	2
5238	1
5240	3
5245	2
5247	2
5252	3
5255	2
5261	2
5263	1
5264	2
5269	1
5274	3
5277	3
5283	3
5284	3
5285	3
5288	3
5290	4
5297	3
5301	4
5305	1
5306	3
5310	4
5312	4
5315	4
5316	1
5321	4
5323	2
5324	2
5336	2
5337	4
5338	3
5344	1
5346	2
5350	4
5359	1
5360	2
5369	4
5370	1
5371	1
5373	3
5375	3
5376	3
5377	2
5380	3
5383	1
5385	3
5388	3
5389	3
5396	3
5399	2
5401	3
5402	3
5403	3
5407	3
5414	4
5416	4
5419	4
5420	4
5423	4
5426	4
5427	2
5430	4
5431	4
5433	4
5437	4
5443	4
5444	4
5448	4
5449	4
5450	2
5453	4
5455	4
5457	4
5460	4
5478	4
5480	2
5486	2
5491	1
5493	3
5495	1
5499	3
5506	1
5507	1
5510	1
5513	2
5518	3
5520	4
5522	1
5523	1
5531	4
5541	3
5543	3
5548	3
5549	3
5552	2
5560	3
5565	3
5568	2
5569	3
5571	4
5572	3
5576	3
5578	3
5580	2
5583	2
5585	2
5587	2
5590	2
5593	2
5600	3
5602	2
5605	4
5615	2
5619	1
5625	3
5631	1
5635	1
5643	1
5649	2
5652	3
5653	4
5658	3
5666	2
5669	2
5681	2
5684	4
5686	4
5687	4
5691	4
5692	4
5697	4
5703	4
5706	4
5713	4
5715	4
5718	3
5720	4
5721	3
5722	4
5723	4
5726	4
5727	4
5728	4
5729	4
5731	4
5736	3
5737	3
5747	1
5748	1
5749	1
5751	2
5757	1
5762	4
5765	1
5766	4
5767	1
5768	1
5769	1
5771	1
5779	1
5782	1
5784	1
5790	2
5791	4
5792	1
5795	2
5796	2
5799	2
5800	2
5803	2
5804	2
5807	2
5812	2
5813	4
5815	2
5819	2
5831	4
5841	1
5844	2
5848	2
5853	1
5856	1
5858	2
5861	4
5862	1
5863	1
5868	2
5880	1
5891	2
5893	1
5895	1
5906	4
5907	4
5908	1
5911	4
5913	1
5914	1
5922	1
5923	4
5926	2
5927	2
5937	4
5939	1
5940	1
5943	2
5952	4
5953	4
5954	2
5962	2
5965	4
5975	2
5976	1
5981	4
5984	1
5985	1
5987	4
5989	4
6000	2
6004	4
6007	4
6009	1
6012	1
6013	4
6018	1
6025	1
6028	1
6029	1
6032	1
6036	1
6043	1
6046	2
6047	2
6051	1
6054	4
6055	4
6060	1
6063	3
6066	1
6083	1
6087	1
6088	1
6102	2
6104	1
6107	4
6112	1
6117	1
6120	1
6121	1
6128	1
6130	4
6136	1
6141	4
6143	4
6144	1
6147	4
6152	4
6158	4
6163	2
6167	4
6168	1
6169	1
6172	1
6173	3
6174	2
6176	3
6186	2
6191	2
6203	3
6210	2
6214	4
6232	2
6233	2
6235	1
6236	1
6238	2
6249	2
6253	2
6255	2
6257	1
6265	3
6274	2
6276	2
6277	2
6281	2
6283	2
6286	3
6288	4
6289	3
6296	3
6297	2
6298	2
6299	1
6306	2
6319	4
6322	4
6331	1
6333	1
6339	1
6342	4
6345	1
6346	1
6350	4
6351	3
6360	2
6364	4
6373	3
6377	1
6379	1
6380	1
6381	1
6383	1
6384	1
6386	1
6393	1
6396	1
6397	1
6398	1
6400	4
6401	1
6403	1
6404	1
6408	1
6410	1
6412	1
6415	1
6420	2
6422	4
6436	1
6439	1
6446	1
6447	4
6450	1
6454	1
6461	1
6463	1
6469	1
6470	1
6472	1
6479	4
6480	4
6482	1
6484	1
6491	1
6493	1
6495	1
6501	1
6502	1
6503	1
6507	1
6509	1
6511	1
6512	1
6513	1
6514	1
6515	1
6516	1
6518	1
6519	1
6523	2
6524	1
6530	1
6531	1
6532	2
6536	2
6537	1
6539	2
6541	1
6544	2
6545	2
6547	2
6550	3
6553	1
6554	2
6555	2
6556	2
6560	2
6561	2
6564	2
6567	4
6569	2
6571	2
6572	2
6580	1
6582	3
6586	2
6591	3
6596	1
6597	3
6598	1
6599	2
6600	4
6602	1
6605	1
6606	1
6607	1
6610	3
6614	1
6616	4
6623	1
6624	3
6625	1
6628	1
6630	1
6631	1
6633	1
6650	3
6653	2
6654	4
6655	3
6658	1
6660	1
6664	1
6667	1
6689	1
6690	1
6693	1
6694	1
6695	4
6697	1
6699	2
6700	1
6701	2
6706	1
6709	2
6710	1
6712	1
6713	1
6714	1
6717	1
6718	1
6719	1
6730	4
6740	1
6749	2
6754	1
6759	1
6760	1
6762	1
6764	4
6765	1
6766	1
6767	1
6769	2
6770	4
6771	1
6772	1
6782	1
6786	1
6788	1
6790	1
6791	1
6792	1
6795	4
6796	1
6797	1
6798	1
6801	2
6802	2
6813	1
6814	1
6815	2
6817	1
6819	1
6824	1
6825	1
6827	1
6828	1
6831	1
6835	1
6836	1
6848	4
6849	1
6850	4
6852	1
6853	1
6859	1
6864	1
6865	1
6868	1
6869	1
6877	1
6879	4
6880	4
6884	1
6888	1
6892	1
6893	2
6899	4
6906	4
6909	1
6910	1
6915	1
6920	1
6921	3
6922	1
6924	3
6927	3
6928	1
6932	1
6933	2
6937	3
6941	3
6942	4
6944	3
6949	2
6956	2
6958	3
6960	4
6961	2
6967	3
6968	1
6970	1
6973	1
6983	1
6988	1
6992	1
7003	1
7004	1
7010	1
7017	1
7022	1
7031	1
7035	4
7045	1
7051	1
7055	2
7057	2
7065	1
7068	1
7070	4
7074	1
7077	4
7079	1
7083	1
7084	1
7097	4
7098	1
7100	1
7101	1
7102	1
7103	2
7106	1
7110	1
7113	4
7114	4
7119	1
7120	1
7125	1
7132	1
7134	2
7137	1
7143	4
7150	1
7156	1
7157	2
7168	1
7170	2
7173	2
7174	2
7175	2
7181	2
7185	3
7188	1
7198	4
7204	2
7205	2
7217	1
7221	4
7223	2
7226	1
7234	3
7240	2
7242	1
7243	1
7246	1
7263	1
7265	1
7275	4
7278	2
7279	4
7297	3
7299	1
7300	3
7308	3
7309	2
7313	4
7314	4
7317	3
7319	4
7329	1
7330	4
7333	4
7334	4
7335	1
7338	2
7343	3
7344	4
7356	4
7357	4
7363	4
7364	4
7367	4
7375	1
7387	1
7388	1
7389	4
7393	4
7400	4
7404	4
7406	4
7412	1
7413	1
7423	2
7429	4
7435	4
7437	4
7439	4
7440	4
7444	4
7447	1
7457	4
7461	4
7472	1
7476	1
7479	1
7480	4
7481	1
7483	1
7489	1
7496	1
7500	1
7501	1
7506	1
7508	1
7511	1
7515	1
7521	1
7525	1
7527	1
7529	1
7533	1
7537	1
7539	1
7540	1
7541	1
7543	1
7546	1
7547	1
7549	4
7553	1
7558	1
7564	1
7567	1
7574	1
7580	1
7587	1
7591	1
7606	2
7607	2
7608	2
7610	4
7612	4
7614	4
7616	1
7619	1
7625	4
7626	3
7630	1
7640	4
7641	2
7643	4
7646	4
7647	2
7648	4
7654	4
7655	1
7658	1
7665	4
7669	4
7672	2
7674	4
7677	4
7678	4
7680	4
7682	4
7684	4
7687	2
7689	4
7694	1
7696	2
7699	4
7700	4
7701	1
7702	1
7704	4
7706	4
7709	2
7715	4
7716	1
7720	1
7722	4
7725	1
7728	2
7732	2
7734	4
7736	1
7738	2
7740	1
7741	1
7745	1
7748	1
7753	4
7759	1
7772	1
7776	2
7777	1
7781	4
7782	4
7786	4
7787	4
7788	4
7796	2
7798	4
7799	4
7804	4
7812	4
7821	2
7823	4
7824	1
7828	1
7829	1
7837	4
7838	4
7840	1
7842	2
7843	3
7844	2
7845	2
7846	1
7854	1
7855	1
7856	2
7860	4
7867	4
7868	4
7870	4
7877	4
7884	4
7886	4
7893	1
7896	4
7905	4
7910	1
7914	4
7915	2
7932	2
7934	1
7937	1
7945	4
7948	4
7951	4
7955	2
7963	2
7966	1
7967	4
7972	1
7975	4
7976	1
7979	4
7984	2
7990	4
7995	1
7997	1
8003	1
8009	4
8013	4
8014	2
8027	1
8030	4
8038	4
8046	4
8047	4
8049	4
8054	2
8057	4
8065	4
8070	4
8076	4
8082	2
8086	4
8088	1
8090	1
8092	2
8093	4
8096	4
8099	1
8104	1
8106	4
8109	4
8113	1
8114	1
8115	4
8118	4
8121	4
8123	1
8128	4
8134	2
8135	1
8147	4
8154	4
8157	1
8161	4
8162	4
8163	4
8166	4
8169	2
8172	4
8176	2
8180	4
8181	1
8182	4
8189	1
8190	4
8191	4
8192	1
8194	4
8201	4
8203	4
8205	2
8207	4
8209	4
8210	4
8214	4
8215	4
8218	4
8224	2
8236	4
8237	4
8246	1
8257	4
8264	4
8266	2
8269	1
8271	1
8277	1
8279	4
8282	4
8287	4
8289	4
8296	4
8299	4
8301	4
8304	4
8310	3
8328	4
8330	4
8331	4
8336	4
8337	4
8341	4
8345	4
8348	2
8350	2
8351	2
8353	2
8354	2
8356	2
8358	1
8363	2
8367	2
8368	4
8370	4
8372	4
8376	1
8383	3
8384	4
8385	4
8387	2
8388	4
8389	4
8394	1
8395	3
8400	4
8406	4
8423	1
8424	2
8427	4
8430	4
8431	4
8433	4
8434	4
8435	4
8436	4
8439	4
8440	4
8443	4
8444	4
8446	4
8448	4
8453	4
8455	4
8457	4
8458	4
8461	4
8463	4
8467	4
8468	4
8472	3
8476	4
8477	1
8479	1
8481	4
8486	1
8488	1
8489	1
8490	1
8497	1
8498	1
8503	4
8508	1
8509	1
8522	1
8523	2
8525	2
8528	1
8530	4
8535	3
8538	4
8540	4
8542	3
8545	3
8549	4
8551	2
8553	4
8554	3
8555	3
8559	4
8563	4
8564	4
8565	4
8567	4
8574	2
8580	3
8581	4
8584	2
8592	3
8593	3
8597	3
8606	2
8609	1
8612	1
8616	1
8619	1
8620	1
8621	1
8626	4
8628	1
8632	1
8635	1
8640	1
8642	1
8643	1
8645	1
8647	2
8648	1
8651	1
8653	4
8654	1
8656	1
8657	2
8660	4
8667	1
8669	1
8671	1
8673	3
8681	2
8690	1
8691	2
8696	1
8699	4
8701	2
8702	2
8704	2
8707	4
8711	1
8716	4
8718	1
8719	2
8723	2
8724	2
8726	4
8728	2
8731	1
8733	1
8743	1
8747	1
8760	4
8761	4
8763	3
8765	2
8770	3
8772	3
8783	2
8795	4
8796	4
8798	1
8799	1
8802	1
8804	4
8816	4
8822	2
8826	2
8829	2
8830	2
8834	1
8838	2
8843	4
8844	2
8845	1
8846	1
8848	2
8852	4
8853	4
8855	1
8858	1
8862	4
8867	1
8870	1
8871	2
8872	1
8878	4
8880	2
8881	4
8885	4
8896	2
8909	3
8915	4
8964	3
8972	2
8984	3
8988	2
9014	2
9023	3
9069	1
9073	2
9082	4
9084	1
9087	3
9089	2
9092	3
9096	1
9097	2
9111	1
9112	3
9114	4
9116	2
9117	2
9119	1
9120	1
9121	1
9123	1
9124	1
9128	1
9129	1
9133	1
9134	4
9135	2
9136	2
9137	1
9143	1
9144	1
9151	4
9154	1
9155	1
9160	1
9162	2
9163	2
9167	1
9174	1
9175	1
9186	1
9188	1
9189	1
9193	1
9194	1
9208	4
9209	1
9212	2
9219	2
9226	1
9231	2
9236	2
9240	2
9245	1
9246	1
9251	1
9253	2
9256	2
9259	1
9261	2
9262	2
9270	2
9272	2
9274	4
9276	4
9278	1
9279	1
9283	1
9284	1
9285	1
9287	1
9288	1
9290	1
9293	1
9298	2
9305	1
9306	1
9307	1
9320	1
9322	1
9323	1
9324	1
9329	1
9330	4
9332	1
9337	1
9338	1
9341	1
9345	1
9348	1
9349	1
9352	1
9354	1
9355	1
9357	1
9362	1
9370	3
9372	4
9375	2
9378	2
9381	1
9382	3
9384	4
9387	1
9392	1
9396	2
9400	1
9404	1
9405	1
9406	4
9407	1
9408	4
9414	4
9415	1
9416	1
9417	1
9419	1
9421	1
9422	1
9427	4
9430	4
9433	1
9434	4
9435	4
9437	1
9441	4
9451	3
9454	4
9458	1
9459	1
9465	1
9466	1
9467	4
9469	4
9475	1
9479	1
9484	2
9489	4
9490	4
9491	4
9492	1
9497	2
9503	1
9505	4
9512	1
9517	4
9519	4
9520	1
9525	4
9538	1
9539	4
9540	4
9541	1
9542	4
9547	4
9550	2
9551	2
9558	1
9559	4
9562	2
9567	2
9573	2
9576	2
9581	2
9582	2
9585	2
9587	2
9589	1
9591	1
9596	2
9600	1
9605	1
9611	2
9612	2
9613	2
9622	2
9640	1
9642	3
9645	4
9658	4
9664	3
9673	2
9674	2
9675	2
9680	2
9692	1
9701	1
9704	3
9705	2
9713	3
9715	4
9717	4
9718	4
9725	2
9732	1
9741	1
9749	1
9752	2
9753	2
9758	4
9760	1
9772	3
9776	4
9778	4
9784	3
9786	3
9790	2
9791	3
9792	3
9798	3
9800	3
9804	3
9821	3
9825	3
9827	3
9830	3
9832	3
9837	1
9840	3
9843	2
9852	1
9858	3
9862	4
9863	2
9872	4
9880	4
9889	4
9894	4
9896	4
9900	4
9902	4
9903	4
9904	4
9910	2
9919	4
9921	4
9926	4
9939	4
9944	4
9950	4
9951	4
9955	4
9956	4
9960	2
9961	2
9965	1
9971	3
9974	2
9978	4
9983	3
9984	3
9989	2
9993	2
9999	3
10001	2
10014	3
10020	2
10023	3
10035	3
10050	2
10051	2
10056	3
10059	2
10064	1
10065	2
10068	1
10072	3
10076	2
10077	4
10078	1
10083	2
10085	1
10086	1
10093	1
10095	1
10106	1
10118	1
10121	1
10125	1
10140	1
10141	1
10143	1
10147	2
10149	1
10152	2
10157	1
10160	1
10161	2
10164	1
10181	1
10186	4
10188	4
10189	1
10196	1
10202	1
10208	2
10214	2
10224	1
10234	1
10235	1
10240	4
10242	4
10247	2
10248	1
10251	1
10253	1
10254	1
10262	4
10264	1
10267	1
10269	4
10274	1
10280	3
10281	4
10288	1
10289	2
10291	4
10295	2
10297	1
10298	1
10301	1
10302	1
10314	1
10325	4
10331	4
10334	4
10337	4
10338	2
10340	4
10341	4
10348	4
10353	2
10356	3
10357	1
10360	2
10365	2
10381	4
10385	2
10388	1
10389	3
10393	4
10397	2
10403	4
10407	1
10422	2
10424	1
10427	3
10428	2
10429	2
10435	3
10436	1
10454	1
10455	1
10457	4
10460	2
10461	2
10462	2
10463	1
10466	4
10468	3
10473	2
10475	2
10484	2
10488	1
10489	1
10492	1
10495	1
10502	1
10505	4
10512	1
10513	1
10515	1
10517	2
10520	2
10524	2
10528	2
10535	1
10538	1
10542	1
10565	2
10566	1
10579	3
10583	4
10584	1
10587	4
10589	1
10590	1
10614	4
10627	1
10632	4
10633	3
10637	4
10643	1
10649	2
10654	4
10657	4
10660	4
10661	1
10673	1
10674	1
10676	2
10678	2
10684	2
10686	2
10687	2
10691	4
10696	2
10703	1
10704	1
10705	1
10711	4
10713	1
10715	1
10716	1
10725	4
10729	4
10730	4
10736	4
10739	2
10740	3
10743	1
10745	3
10747	2
10750	1
10760	1
10763	4
10764	4
10765	4
10768	4
10770	4
10771	2
10772	1
10777	2
10782	1
10784	4
10786	4
10787	4
10792	4
10794	3
10795	2
10798	4
10799	1
10803	4
10818	4
10822	4
10825	3
10826	1
10829	1
10833	4
10835	2
10839	2
10840	1
10841	1
10851	1
10852	4
10855	3
10860	3
10863	4
10864	3
10865	4
10866	4
10867	2
10872	1
10877	1
10879	2
10880	1
10886	1
10891	1
10894	2
10901	1
10906	1
10908	1
10920	1
10923	1
10939	1
10947	1
10969	1
10977	1
10981	1
10990	1
11001	1
11002	1
11010	1
11014	1
11015	1
11024	2
11026	1
11032	1
11033	1
11034	1
11036	1
11038	1
11046	1
11056	1
11059	1
11074	1
11078	1
11080	1
11081	1
11083	1
11090	1
11106	2
11118	1
11120	2
11121	1
11133	1
11134	1
11137	1
11138	1
11141	1
11144	1
11148	2
11153	1
11159	1
11167	1
11168	1
11173	1
11174	1
11178	1
11185	1
11203	1
11208	1
11211	1
11217	2
11218	2
11220	1
11229	1
11237	1
11241	2
11245	1
11248	2
11249	1
11251	1
11267	2
11269	1
11274	1
11277	1
11287	1
11290	2
11292	1
11294	1
11302	1
11315	1
11317	1
11319	2
11320	1
11321	1
11325	1
11333	1
11335	1
11340	1
11348	2
11349	1
11355	1
11356	4
11360	2
11362	1
11364	1
11365	1
11367	1
11371	1
11376	1
11381	1
11384	2
11402	1
11404	1
11406	1
11407	1
11414	1
11416	2
11417	2
11419	2
11422	1
11424	1
11437	2
11442	1
11443	1
11444	2
11449	1
11450	1
11451	1
11455	1
11457	1
11465	1
11467	1
11470	1
11474	1
11491	2
11505	1
11509	2
11512	1
11527	2
11528	2
11532	2
11537	2
11539	2
11542	2
11549	2
11551	2
11556	2
11557	2
11563	2
11564	2
11565	2
11567	2
11571	2
11579	3
11581	2
11586	2
11587	2
11589	2
11592	2
11593	2
11597	2
11599	2
11600	2
11602	2
11609	2
11612	4
11614	2
11619	2
11634	2
11636	2
11637	2
11642	2
11658	2
11663	2
11664	2
11671	4
11673	2
11674	2
11677	2
11683	2
11685	2
11688	2
11693	2
11707	2
11714	2
11716	2
11717	2
11724	4
11726	2
11731	2
11740	2
11743	3
11757	2
11762	1
11770	4
11771	4
11774	2
11776	4
11786	3
11788	3
11791	2
11794	4
11796	1
11797	2
11802	3
11809	1
11816	4
11819	4
11821	4
11824	3
11848	4
11851	3
11857	2
11859	2
11861	3
11864	3
11871	2
11882	3
11884	3
11894	3
11913	4
11918	2
11922	3
11927	3
11928	2
11931	3
11933	4
11935	3
11938	2
11983	3
11986	2
11999	2
12002	4
12007	4
12009	3
12013	2
12016	4
12018	2
12027	3
12029	4
12031	3
12034	3
12035	2
12045	2
12049	3
12051	3
12053	1
12063	2
12069	4
12071	4
12072	2
12081	2
12083	4
12085	1
12088	4
12090	4
12094	4
12095	3
12102	4
12103	4
12104	3
12105	1
12109	1
12110	4
12111	3
12113	3
12114	4
12116	3
12117	1
12118	4
12124	4
12129	3
12135	3
12137	3
12140	3
12142	3
12146	3
12147	3
12151	3
12152	3
12153	3
12165	3
12168	3
12170	3
12174	3
12175	3
12179	3
12182	3
12184	3
12194	3
12197	3
12205	3
12207	3
12213	3
12216	3
12219	3
12220	3
12222	3
12225	3
12226	3
12229	3
12234	3
12235	3
12236	3
12242	3
12243	3
12246	3
12253	1
12255	3
12265	3
12269	3
12272	2
12275	3
12280	4
12282	3
12292	3
12298	3
12302	3
12305	3
12307	3
12309	3
12313	3
12316	3
12319	3
12320	3
12322	3
12323	3
12327	3
12334	3
12335	3
12336	3
12337	3
12346	3
12349	3
12355	3
12357	3
12359	3
12369	3
12370	3
12377	3
12380	3
12385	3
12387	3
12388	3
12394	3
12398	3
12400	2
12401	3
12402	3
12403	3
12404	3
12405	3
12414	4
12430	3
12442	2
12451	3
12459	2
12463	2
12469	4
12470	4
12474	1
12475	4
12477	2
12481	2
12483	4
12484	4
12487	2
12488	2
12492	2
12499	2
12507	4
12509	2
12525	4
12526	4
12529	2
12535	4
12537	4
12539	4
12541	2
12542	2
12552	1
12553	4
12560	4
12565	1
12566	1
12568	4
12572	1
12573	4
12575	4
12580	4
12581	4
12582	4
12583	4
12584	4
12586	4
12588	3
12589	2
12590	1
12595	2
12596	2
12599	2
12603	2
12606	2
12608	2
12609	2
12610	2
12617	2
12618	2
12619	2
12624	2
12626	2
12628	3
12629	2
12630	2
12632	2
12635	2
12638	2
12641	2
12645	2
12646	2
12649	2
12652	2
12654	2
12657	2
12659	2
12660	2
12661	2
12662	2
12663	2
12665	2
12669	2
12671	2
12672	2
12675	2
12676	2
12687	2
12692	2
12693	2
12694	2
12695	2
12700	2
12706	2
12709	2
12710	2
12712	2
12714	2
12716	2
12719	2
12721	2
12725	2
12728	2
12730	2
12732	2
12737	2
12740	2
12743	2
12746	2
12748	2
12751	2
12755	2
12756	2
12757	2
12759	2
12760	2
12764	2
12766	2
12769	2
12771	2
12772	2
12773	2
12777	2
12778	2
12779	2
12785	2
12786	2
12787	2
12790	2
12795	2
12796	2
12798	2
12800	2
12801	2
12803	2
12806	2
12809	2
12810	2
12816	2
12817	2
12826	2
12829	4
12833	3
12835	2
12841	2
12849	2
12850	2
12851	2
12853	2
12860	2
12862	3
12871	2
12872	2
12873	2
12875	2
12876	2
12880	2
12881	2
12885	2
12891	2
12893	2
12895	4
12898	1
12910	1
12912	4
12918	4
12920	4
12921	4
12922	4
12931	4
12934	2
12937	4
12940	4
12943	4
12944	4
12947	2
12954	1
12955	1
12957	1
12959	1
12960	1
12961	1
12966	1
12967	4
12985	2
12992	2
13020	2
13023	2
13038	4
13045	2
13056	1
13057	1
13060	1
13073	2
13114	1
13115	4
13120	1
13126	1
13129	1
13132	1
13136	1
13140	1
13147	1
13148	1
13151	1
13153	4
13154	1
13156	4
13162	1
13163	4
13165	1
13167	1
13168	4
13171	4
13175	4
13179	2
13230	4
13231	4
13232	4
13235	4
13237	4
13241	4
13242	4
13243	4
13244	4
13245	4
13246	4
13250	4
13251	4
13252	4
13257	4
13258	4
13261	4
13262	4
13266	2
13267	4
13271	4
13272	4
13274	4
13277	4
13280	4
13282	4
13284	4
13285	4
13287	4
13288	4
13289	4
13291	4
13292	4
13295	4
13296	4
13297	4
13300	4
13301	4
13312	4
13314	4
13316	4
13317	4
13319	4
13324	4
13328	4
13331	4
13334	4
13338	4
13339	4
13342	4
13343	4
13344	4
13346	4
13349	4
13351	4
13352	4
13356	4
13357	4
13362	4
13364	4
13369	4
13370	4
13372	4
13373	4
13375	4
13377	4
13378	4
13381	4
13382	4
13383	4
13387	4
13388	4
13389	4
13391	4
13392	4
13393	4
13394	4
13395	4
13396	4
13398	4
13399	4
13400	4
13401	4
13403	4
13405	4
13409	4
13410	4
13412	4
13413	4
13414	4
13415	4
13417	4
13418	4
13419	4
13420	4
13424	4
13426	4
13428	4
13430	4
13431	4
13433	4
13437	4
13438	4
13441	4
13442	4
13443	4
13444	4
13448	4
13449	4
13451	4
13452	4
13454	4
13455	4
13457	4
13458	4
13461	4
13463	4
13464	4
13467	4
13469	4
13472	4
13476	4
13480	4
13482	4
13484	4
13485	4
13487	4
13489	4
13492	4
13496	4
13497	4
13499	4
13500	4
13501	4
13502	4
13503	4
13504	4
13506	4
13507	4
13508	4
13509	4
13511	4
13513	4
13515	4
13517	4
13518	4
13520	4
13521	4
13522	4
13524	4
13525	4
13528	4
13529	4
13530	2
13533	4
13534	4
13535	4
13538	4
13539	4
13540	4
13541	4
13543	4
13547	4
13548	4
13549	4
13550	4
13552	4
13554	4
13555	4
13557	4
13558	4
13564	4
13566	4
13567	4
13569	4
13573	4
13575	4
13576	4
13577	4
13578	4
13580	4
13582	4
13584	4
13585	4
13586	4
13587	4
13595	4
13597	4
13600	4
13601	4
13602	4
13604	4
13605	4
13606	4
13607	4
13609	4
13610	4
13611	4
13612	4
13613	4
13617	4
13618	4
13619	4
13621	4
13622	4
13623	4
13624	4
13628	4
13629	4
13632	4
13634	4
13639	4
13640	4
13642	4
13644	4
13645	4
13647	4
13649	4
13650	4
13652	4
13653	4
13655	4
13656	4
13658	1
13659	1
13660	1
13666	1
13673	1
13678	1
13685	1
13688	1
13700	1
13703	1
13708	1
13711	1
13714	1
13718	1
13720	1
13721	1
13722	1
13730	1
13736	1
13751	1
13761	1
13771	1
13785	1
13790	1
13803	1
13804	1
13812	1
13817	1
13818	1
13819	1
13822	1
13824	1
13829	1
13831	1
13833	1
13839	1
13847	1
13852	1
13862	1
13865	1
13866	1
13867	1
13868	1
13870	1
13873	1
13874	1
13876	1
13884	1
13894	1
13895	1
13897	1
13898	1
13902	1
13904	1
13905	1
13907	1
13911	1
13912	1
13913	1
13920	1
13931	1
13941	1
13942	1
13946	1
13949	1
13951	2
13953	1
13961	1
13962	1
13963	1
13969	1
13970	1
13976	1
13983	1
13984	1
13985	1
14007	1
14024	1
14025	1
14053	2
14055	1
14057	1
14061	1
14071	1
14074	1
14076	1
14077	1
14083	1
14088	1
14091	1
14096	1
14100	1
14101	1
14112	1
14113	1
14114	1
14116	1
14117	1
14128	1
14137	1
14140	1
14142	1
14150	1
14153	1
14154	1
14164	1
14166	1
14173	1
14174	1
14184	1
14185	1
14197	1
14198	1
14203	1
14208	1
14212	1
14219	1
14223	1
14224	1
14227	1
14230	1
14235	1
14238	1
14240	1
14243	1
14244	1
14245	1
14246	1
14248	1
14249	1
14250	1
14255	1
14256	1
14264	1
14268	1
14271	1
14272	1
14274	1
14279	1
14281	1
14284	1
14285	1
14286	1
14287	1
14288	1
14295	1
14296	1
14297	1
14298	1
14306	1
14310	1
14311	1
14312	1
14328	1
14332	1
14340	1
14341	1
14342	1
14343	1
14346	1
14350	1
14353	1
14359	1
14371	1
14372	1
14373	1