0.0896998635744 5751
0.0819690768531 8442
0.0791268758527 4441
0.0567303319691 1418
0.0551386994088 2199
0.050136425648 7254
0.0472942246476 0368
0.0443383356071 10544
0.0371759890859 8383
0.0319463392451 5241
0.0318326512051 0936
0.0309231468849 11889
0.0293315143247 9638
0.0271714415643 8942
0.0255798090041 5837
0.0254661209641 1457
0.024783992724 1149
0.0234197362437 2478
0.0222828558436 10235
0.0214870395634 7551
0.0214870395634 6829
0.0203501591633 1581
0.0202364711232 1485
0.0201227830832 10812
0.0195543428831 4109
0.0194406548431 11857
0.0194406548431 2000
0.0194406548431 10942
0.0193269668031 5241 8442
0.0192132787631 1864
0.0190995907231 5561
0.018985902683 11279
0.018872214643 6136
0.018872214643 0886
0.018758526603 1299
0.0184174624829 11392
0.0181900864029 8243
0.0180763983629 8278
0.0175079581628 1906
0.0173942701228 0153
0.0171668940427 2040
0.0168258299227 10322
0.0168258299227 6713
0.0164847658026 0097
0.0160300136426 7058
0.0159163256025 5341
0.0156889495225 7357
0.0156889495225 4492
0.0155752614825 1409
0.0154615734425 1608
0.0142110050023 4319
0.0142110050023 8334
0.0142110050023 1675
0.0139836289222 11219
0.0137562528422 1409 7058
0.0131878126421 7762
0.0130741246021 1182
0.0130741246021 11285
0.0130741246021 5326
0.012733060482 9569
0.012619372442 9269
0.012619372442 5892
0.012391996362 6140
0.0120509322419 4978
0.0118235561619 1343
0.0114824920418 4492 8278
0.0113688040018 9622
0.0110277398818 4356
0.0109140518417 11848
0.0105729877217 12083
0.0104592996817 11873
0.0104592996817 11277
0.0103456116417 2199 5751
0.0103456116417 11686
0.0102319236016 7254 8442
0.0102319236016 2596
0.0102319236016 2584
0.0102319236016 3138
0.0100045475216 5729
