0.160839160839 2596
0.158853492187 5166
0.119744453078 0936
0.100578433912 1666
0.0829664162998 10336
0.0678580678581 8442
0.0638003971337 5751
0.0634550634551 2877
0.0600017266684 8827
0.0565483898817 7205
0.047915047915 7227
0.0472243805577 10544
0.0470517137184 9638
0.0459293792627 3066
0.0431667098334 5653
0.041958041958 0368
0.0397997064664 2596 5166
0.0379003712337 10336 1666
0.0368643701977 8813
0.0355693689027 4378
0.033929033929 9536
0.0335837002504 4593
0.0332383665717 3916
0.032634032634 4854
0.0324613657947 10792
0.0296986963654 1149
0.029008029008 7909
0.028749028749 5326
0.026677026677 4441
0.0249503582837 8061
0.023051023051 6409
0.0221876888544 5241
0.020979020979 9641
0.020461020461 3066 7909
0.0201156867824 1666 2596
0.0200293533627 6554
0.0200293533627 10150
0.019684019684 0368 9536
0.0192523525857 0936 2596
0.0190796857464 2596 5653
0.018907018907 0941
0.0188206854874 0368 5166
0.0180436847104 8308
0.0179573512907 6384
0.0176983510317 0304
0.017094017094 7762
0.017094017094 1973
0.0166623499957 0936 4854
0.016317016317 0936 7227
0.0161443494777 7947
0.016058016058 8492
0.0158853492187 6591
0.015799015799 4909
0.0157126823793 9495
0.0156263489597 0941 7205
0.0154536821203 3916 5166
0.0151946818613 5166 8442
0.0151083484417 10336 2596
0.0151083484417 0502
0.015022015022 3809
0.0148493481827 5166 9536
0.0140723474057 2596 5751
0.0140723474057 11686
0.0138996805663 4966
0.013727013727 8108
0.013468013468 1067
0.0133816800483 9613
0.0132953466287 9984
0.0131226797893 7256
0.0130363463697 0368 5166 9536
0.0123456790123 8259
0.0123456790123 0936 5653
0.0120003453337 5024
0.0113096779763 10959
0.0113096779763 3919
0.0110506777173 2596 8827
0.0109643442977 3468
0.010878010878 2596 8061
0.010878010878 5166 5653
0.0105326771993 0684
0.0104463437797 2356
0.01036001036 9877
0.0100146766813 7227 7909
