0.0
0.247142857143
0.0
0.0
0.0
0.0
0.0
0.025
0.0
0.0
0.0
0.0
0.0
0.375
0.0
0.0
0.047619047619
0.0
0.0
0.0
0.0
0.183333333333
0.0
0.0
0.0
0.0
0.0
0.0
0.0
0.0123456790123
0.0
0.0
0.0
0.0833333333333
0.0
0.0
0.0
0.0
0.0
0.122222222222
0.0
0.0
0.485714285714
0.0
0.0
0.133333333333
0.0472222222222
0.0
0.0
0.0
0.0833333333333
0.0
0.0
0.0
0.0
0.0
0.0125
0.0
0.0222222222222
0.0
0.0
0.0
0.2
0.0
0.0
0.2
0.13
0.0
0.0
0.05
0.01
0.0
0.0
0.0485714285714
0.0
0.233333333333
0.280952380952
0.0
0.0
0.0
0.0277777777778
0.0
0.0
0.0
0.0
0.0
0.0
0.0
0.0
0.0
0.0
0.0
0.01
0.0
0.131071428571
0.0
0.125
0.0
0.0
0.0
0.115740740741
0.0
0.0
0.0
0.0
0.0730158730159
0.0
0.339285714286
0.0
0.0
0.0
0.0142857142857
0.0
0.0
0.0
0.0
0.0
0.0
0.0
0.0
0.342592592593
0.0
0.0
0.0
0.0
0.05
0.0
0.0
0.1
0.0
0.0
0.3125
0.557777777778
0.047619047619
0.0555555555556
0.0
0.216666666667
0.0
0.0714285714286
0.0
0.122222222222
0.0166666666667
0.0
0.0
0.452777777778
0.165816326531
0.0
0.09
0.0
0.0
0.0
0.0
0.0
0.0
0.0
0.0571428571429
0.0
0.1
0.0
0.0
0.0
0.130952380952
0.0
0.0
0.0
0.25
0.0
0.0
0.1
0.0
0.0416666666667
0.0
0.0
0.0
0.0
0.0
0.0
0.0
0.0
0.0
0.0
0.0
0.0
0.0
0.0
0.0
0.0
0.0
0.0416666666667
0.0
0.0285714285714
0.0
0.636111111111
0.0
0.138888888889
0.0
0.0166666666667
0.0
0.0
0.0625
0.0
0.0
0.0583333333333
0.0
0.0
0.0
0.0
0.0
0.0
0.0
0.0277777777778
0.0
0.498333333333
0.0
0.0
0.0
0.0
0.0422222222222
0.0
0.0
0.191666666667
0.0
0.453439153439
0.0
0.0