0.0
0.2
0.0
0.0
0.0
0.0
0.0
0.0
0.0
0.0
0.0
0.0
0.0
0.416666666667
0.0
0.0
0.047619047619
0.0
0.0
0.0
0.0
0.125
0.0
0.0
0.0
0.0
0.0
0.0
0.0
0.0222222222222
0.0
0.0
0.0
0.0555555555556
0.0
0.0
0.0
0.0
0.0111111111111
0.045
0.0
0.0
0.466666666667
0.0
0.0
0.166666666667
0.0535714285714
0.0
0.0
0.0
0.0833333333333
0.0
0.0
0.0
0.0
0.0
0.0142857142857
0.0
0.0
0.0
0.0
0.0
0.2
0.0
0.0
0.231944444444
0.166666666667
0.0
0.0
0.025
0.0
0.0
0.0
0.0472222222222
0.0
0.233333333333
0.214285714286
0.0
0.0
0.0
0.121428571429
0.0
0.0
0.0
0.0111111111111
0.0
0.0
0.0
0.0
0.0
0.0
0.0
0.0142857142857
0.0
0.0785714285714
0.0
0.02
0.0
0.0
0.0
0.12962962963
0.0
0.0
0.0
0.0
0.285
0.0
0.333333333333
0.0
0.0
0.0
0.015873015873
0.0
0.0
0.0
0.0
0.0
0.0
0.0
0.0
0.45
0.0
0.0
0.0
0.0
0.0333333333333
0.0
0.0
0.1
0.0
0.0
0.221626984127
0.671111111111
0.0793650793651
0.0
0.0
0.216666666667
0.0
0.0
0.0
0.15
0.0
0.0
0.0
0.452777777778
0.325
0.0
0.15
0.0
0.0
0.0
0.04
0.0
0.0
0.0
0.103174603175
0.0
0.1
0.0
0.0
0.0
0.12037037037
0.0
0.0
0.0
0.211111111111
0.0
0.0
0.0833333333333
0.0
0.0333333333333
0.0
0.0
0.0
0.0
0.0
0.0
0.12380952381
0.0
0.0
0.0
0.0
0.0
0.0
0.0
0.0
0.0
0.0
0.0452380952381
0.0
0.02
0.0
0.625
0.0
0.0333333333333
0.0
0.0125
0.0
0.0
0.0416666666667
0.0
0.0
0.05
0.0
0.0
0.0
0.0416666666667
0.0
0.0
0.0
0.0277777777778
0.0
0.498333333333
0.0
0.0
0.0
0.0
0.232857142857
0.0
0.01
0.191666666667
0.0
0.506172839506
0.0
0.0