0.696706079252 0753
-0.0556883212297 0936
0.575826421332 0330
0.590715383563 3864
0.696706079252 4221
0.696706079252 4431
0.696706079252 7215
0.146893113818 7227
0.696706079252 0239
0.696706079252 0239 0753
0.696706079252 4221 7227
0.696706079252 0753 4431
0.696706079252 3913
0.696706079252 9337
0.0677066593115 1457
0.696706079252 7215 7227
0.642605690888 0330 8307
0.696706079252 5661
0.451972490161 10105
0.647635867908 4266
0.535162218597 0936 10105
0.337878401553 6140
0.484322236956 9341
0.328373074461 8307
0.42076890023 11072
0.258106262501 0936 7227
0.351274047459 0928
0.15010569307 9365
0.214359447142 2354
0.0972819022808 7447
0.0708712971136 10290
-0.166037412672 8942
-0.0176449371378 4925
-0.366029676096 7254
-0.278070349744 5326
-0.22256834486 1932
-0.212804578277 9984
-0.308739323131 2552
-0.349987156198 11392
-0.295599528956 12083
-0.376495030425 5341
-0.388182818335 9269
-0.392040451919 10081
-0.426455862052 3124
-0.419780285688 7062
-0.439983856409 4205
-0.489870162743 2000
-0.737227687918 9622
-0.797180303169 8061
-0.952970778349 11285
-1.4309387168 7762
-1.58104256707 2199
-2.18721778603 4441
-2.52366118538 5166
