0.773820723113 1418
0.788677165555 10235
0.788677165555 10812
0.788677165555 1864
0.788677165555 8243
0.788677165555 8278
0.788677165555 7058
0.788677165555 1409
0.587235139375 8383
0.788677165555 1409 7058
0.788677165555 1182
0.788677165555 5892
0.748298537967 6713
0.788677165555 4492 8278
0.675928493688 2478
0.788677165555 11277
0.788677165555 2584
0.788677165555 3138
0.788677165555 5729
0.655153492717 1299
0.721945562528 7254 8442
0.620292585464 11279
0.5579397481 5837
-0.0317740366394 5751
0.633159587933 11219
0.250567449606 2199
0.587858156167 1906
0.572416322402 0886
0.612560677271 1675
0.400642354985 11889
-0.0653314613814 8442
0.515037751211 4492
0.438030253545 6829
0.412661555104 1485
0.301071040324 7551
0.316171840811 6136
0.273241406893 5241 8442
0.266382186357 10942
0.31845711777 2199 5751
0.290557924783 4356
-0.333163284008 4441
0.269948363234 1343
0.219581867685 7357
0.181149718178 4109
0.0612407486398 5241
-0.118267114138 0368
-0.151201842008 7254
0.115259493754 5561
0.0987451052307 4978
0.0255497292492 10322
-0.04613575201 2000
-0.0333245324692 9569
-0.321564959713 10544
-0.166093580454 11392
-0.191625882846 11857
-0.131152485762 9269
-0.23982912513 2040
-0.226501335693 1608
-0.202950168139 11873
-0.36302407727 8942
-0.219058483224 12083
-0.367965204467 1149
-0.326700164874 5341
-0.495729360608 1581
-0.639752131118 9638
-0.482613255594 11686
-0.576998582782 11848
-0.71901758765 0153
-0.895340360293 9622
-0.963588080137 5326
-1.21858859714 0097
-1.38124783589 1457
-1.31390390041 8334
-1.36270649874 11285
-1.39442322463 6140
-1.83525656668 0936
-1.72315731801 7762
-2.82915807257 4319
-3.44134634659 2596
