0.72408705379 0485
0.636072590135 1521
0.72408705379 9323
0.72408705379 10746
0.72408705379 6172
0.72408705379 6175
0.601742441375 1041
0.72408705379 12128
0.72408705379 0684 6172
0.72408705379 0193
0.72408705379 3797
0.72408705379 0156 6172
0.72408705379 0156 0684
0.72408705379 0156 0684 6172
0.72408705379 7199
0.72408705379 0193 5501
0.647209937547 4795
0.72408705379 9105
0.677052174388 1763
0.72408705379 10454
0.673796946622 9358
0.565872581508 10226
0.351345169349 8334
0.490968225861 2990
0.590116537617 5171
0.525875673717 8049
0.517781565411 10561
0.437057166887 11093
0.362885559344 5501
0.454626378798 3829
0.430659180193 3902
0.304982464104 0684
0.366677078868 9374
0.370908024919 3945
0.34347298371 3764
0.287294311607 5928
0.280480402315 1603
0.257122520402 2445
0.127307319171 0156
0.231132408156 11841
0.209905516534 11736
-0.175107244008 10544
0.1154455566 6389
0.0914076444886 7475
0.027131309588 4095
-0.0249513726779 11089
-0.120671036429 3124
-0.149028952316 10081
-0.217568959981 2040
-0.263422002027 11857
-0.309014244196 1932
-0.697050815385 1457
-0.592867129405 3916
-0.54540484671 3809
-0.689788342373 1581
-0.64602457461 5561
-0.757039635944 4109
-0.776665793055 7265
-0.81542589366 8061
-0.84829701381 9365
-1.04286140659 8442
-1.36125283638 4319
-1.28003689864 5751
-1.26025597997 9638
-1.51080227436 5166
-1.28633729308 8307
-1.49524459182 3066
-1.95489279556 7205
-2.29265267991 4441
-2.55325913517 2596
