0.502067822896 2596
0.3444874545 5166
0.476846800077 1666
0.462375414062 10336
0.42783060823 7205
0.601187340168 9536
0.564850191265 10336 1666
0.601187340168 4854
0.516585149025 2596 5166
0.601187340168 7909
0.297803300758 8827
0.433133591052 5653
0.601187340168 3066 7909
0.601187340168 1666 2596
0.601187340168 0368 9536
0.601187340168 0368 5166
0.590004001026 2596 5653
0.601187340168 1973
0.340972255746 3066
0.601187340168 0936 4854
0.601187340168 0941 7205
0.601187340168 5166 9536
0.43953136225 10792
0.601187340168 7256
0.601187340168 0368 5166 9536
0.579832962573 10336 2596
0.543084385604 0941
0.601187340168 2356
0.601187340168 9877
0.601187340168 7227 7909
0.587596929728 3919
0.586736287192 5166 5653
0.509489455632 0936 2596
0.495893804869 6554
-0.420906450361 0936
0.556575237904 2596 8827
0.319140723546 4593
0.454118952382 0304
0.0196972123628 2877
0.425903422887 8308
0.448175721661 8259
0.413085646974 3916 5166
0.409891871809 9495
0.388737722079 6384
0.443983923849 2596 8061
0.366032982108 2596 5751
0.347867770838 5166 8442
0.0420435823148 9638
0.326384204621 0936 5653
0.308919166407 8108
0.31243073328 3468
0.216624521759 9641
0.252701033797 4909
0.277186324584 5024
0.201780492603 10150
0.22586061448 0502
0.147497606733 6409
0.229522665369 1067
0.217858700615 4966
0.0232198135429 3916
0.083942328052 8061
0.159930488028 8492
-0.0458230483888 8813
-0.337890859171 8442
-0.0579433400367 4378
0.0640533645376 6591
0.0868874927072 10959
-0.259495821492 10544
-0.10697422535 1149
-0.00257654371452 3809
-0.446810933722 5751
-0.0387691923727 11686
-0.290983779483 0368
-0.220618634866 5326
-0.273504215117 9984
-0.312864606104 7947
-0.667590132515 7227
-0.464650473194 5241
-0.419046690908 9613
-0.842321682403 0936 7227
-0.858898415352 0684
-1.29500381116 4441
-1.30245738304 7762
