0.399585619534 4319
0.61294436257 3331
0.72302409567 7420
0.381058800117 7762
0.72302409567 7327
0.715719295047 10443
0.72302409567 0513
0.72302409567 8997
0.72302409567 0189
0.721677813037 10704
0.72302409567 1602
0.72302409567 3331 8997
0.719075109374 5712
0.72302409567 3331 7420
0.72302409567 3747
0.72302409567 2223
0.72302409567 0097 8813
0.72302409567 3331 4319
0.644490693123 4319 4441
0.335098442008 0097
0.553676368598 3317
0.620734703147 7647
-0.102043974003 4441
0.556831813104 0935
0.429665152979 8809
0.454753955435 3010
0.510973618554 4319 5751
0.452195050733 3010 4319
0.21620530492 11285
0.504663356183 3998
0.419490211716 3158
0.503729976811 9454
0.485629510994 0153 8809
0.465403925735 2877 7762
0.438456528286 9435
0.423623271061 10190
0.395662114732 8967
0.348628580887 0817
0.332023084488 4488
0.330222873618 8228
0.138061594949 0153
0.317755395715 11199
0.273763329191 0447
0.177300489689 7265
0.240472481316 3847
0.112689388967 9622
0.0119603649472 1581
-0.387065356042 5751
0.143692097045 11217
0.061440313345 11848
0.0184291558658 9613
0.0645325595273 6211
0.0523317209233 1848
-0.0820284765279 7947
-0.0758960882282 4205
-0.0912366343618 7062
-0.125416224071 5341
-0.182811292145 2552
-0.190098453648 1608
-0.435574756752 10544
-0.211221458844 11873
-0.523220740834 2877
-0.397518092891 4378
-0.416004508551 8813
-0.456459734194 10322
-0.64792510921 0156
-0.802967049445 2199
-0.776386642183 6409
-0.90165947391 9638
-1.1884575153 8827
-1.26213266325 4593
-1.39497311373 7254
-1.43122734138 6140
-1.6449741917 1457
-1.69472676729 8442
-1.93446073061 10336
-2.02883405136 1666
-2.21235773933 2596
-3.0786785289 0936
